200
0.0
0.05025125628140704
0.10050251256281408
0.15075376884422112
0.20100502512562815
0.2512562814070352
0.30150753768844224
0.35175879396984927
0.4020100502512563
0.45226130653266333
0.5025125628140704
0.5527638190954774
0.6030150753768845
0.6532663316582915
0.7035175879396985
0.7537688442211056
0.8040201005025126
0.8542713567839196
0.9045226130653267
0.9547738693467337
1.0050251256281408
1.0552763819095479
1.105527638190955
1.155778894472362
1.206030150753769
1.256281407035176
1.306532663316583
1.35678391959799
1.407035175879397
1.4572864321608041
1.5075376884422111
1.5577889447236182
1.6080402010050252
1.6582914572864322
1.7085427135678393
1.7587939698492463
1.8090452261306533
1.8592964824120604
1.9095477386934674
1.9597989949748744
2.0100502512562817
2.0603015075376887
2.1105527638190957
2.1608040201005028
2.21105527638191
2.261306532663317
2.311557788944724
2.361809045226131
2.412060301507538
2.462311557788945
2.512562814070352
2.562814070351759
2.613065326633166
2.663316582914573
2.71356783919598
2.763819095477387
2.814070351758794
2.864321608040201
2.9145728643216082
2.9648241206030153
3.0150753768844223
3.0653266331658293
3.1155778894472363
3.1658291457286434
3.2160804020100504
3.2663316582914574
3.3165829145728645
3.3668341708542715
3.4170854271356785
3.4673366834170856
3.5175879396984926
3.5678391959798996
3.6180904522613067
3.6683417085427137
3.7185929648241207
3.7688442211055277
3.819095477386935
3.869346733668342
3.919597989949749
3.969849246231156
4.020100502512563
4.07035175879397
4.120603015075377
4.170854271356784
4.2211055276381915
4.2713567839195985
4.3216080402010055
4.371859296482413
4.42211055276382
4.472361809045227
4.522613065326634
4.572864321608041
4.623115577889448
4.673366834170855
4.723618090452262
4.773869346733669
4.824120603015076
4.874371859296483
4.92462311557789
4.974874371859297
5.025125628140704
5.075376884422111
5.125628140703518
5.175879396984925
5.226130653266332
5.276381909547739
5.326633165829146
5.376884422110553
5.42713567839196
5.477386934673367
5.527638190954774
5.577889447236181
5.628140703517588
5.678391959798995
5.728643216080402
5.778894472361809
5.8291457286432165
5.8793969849246235
5.9296482412060305
5.9798994974874375
6.030150753768845
6.080402010050252
6.130653266331659
6.180904522613066
6.231155778894473
6.28140703517588
6.331658291457287
6.381909547738694
6.432160804020101
6.482412060301508
6.532663316582915
6.582914572864322
6.633165829145729
6.683417085427136
6.733668341708543
6.78391959798995
6.834170854271357
6.884422110552764
6.934673366834171
6.984924623115578
7.035175879396985
7.085427135678392
7.135678391959799
7.185929648241206
7.236180904522613
7.28643216080402
7.336683417085427
7.386934673366834
7.437185929648241
7.4874371859296485
7.5376884422110555
7.5879396984924625
7.63819095477387
7.688442211055277
7.738693467336684
7.788944723618091
7.839195979899498
7.889447236180905
7.939698492462312
7.989949748743719
8.040201005025127
8.090452261306533
8.14070351758794
8.190954773869347
8.241206030150755
8.291457286432161
8.341708542713569
8.391959798994975
8.442211055276383
8.492462311557789
8.542713567839197
8.592964824120603
8.643216080402011
8.693467336683417
8.743718592964825
8.793969849246231
8.84422110552764
8.894472361809045
8.944723618090453
8.99497487437186
9.045226130653267
9.095477386934673
9.145728643216081
9.195979899497488
9.246231155778895
9.296482412060302
9.34673366834171
9.396984924623116
9.447236180904524
9.49748743718593
9.547738693467338
9.597989949748744
9.648241206030152
9.698492462311558
9.748743718592966
9.798994974874372
9.84924623115578
9.899497487437186
9.949748743718594
10.0
0.0
0.15784274882405264
0.31552815656336825
0.4728990389742247
0.6297985253385878
0.786070214836254
0.9415583324485893
1.0961078842384566
1.249564811851542
1.4017761460850722
1.5525901593708444
1.7018565170205644
1.849426427082734
1.9951527886617046
2.138890338551048
2.28049579603508
2.419828005714194
2.5567480782116334
2.691119528621443
2.8228084125595903
2.9516834596826422
3.077616204540896
3.200481114635536
3.320155715552157
3.436520713045921
3.549460111956664
3.6588613318353835
3.764615319166885
3.8666166560766952
3.964763665413893
4.058958512105104
4.1491073006786285
4.235120168861494
4.316911377156117
4.394399394307301
4.46750697857437
4.536161254727407
4.600293786690873
4.6598406457621735
4.714742474337185
4.764944545079197
4.8103968154723145
4.8510539777049315
4.886875503833536
4.91782568618185
4.943873672935013
4.964993498893348
4.981164111355033
4.992369391101894
4.99859816846739
4.999844234470782
4.9961063470063785
4.9873882320816945
4.973698580103284
4.955051037213961
4.931464191690013
4.902961555412021
4.869571540427689
4.831327430630109
4.788267348579647
4.740434217502548
4.687875718504125
4.630644243039207
4.568796840687184
4.502395162283758
4.431505398466042
4.3561982136922985
4.276548675802059
4.192636181186887
4.104544375646313
4.01236107100789
3.9161781575944525
3.8160915126258423
3.7122009046464166
3.6046098940735822
3.4934257299665328
3.378759243118044
3.260724735575934
3.1394398667042918
3.0150255358980727
2.8876057620679414
2.757307560015536
2.6242608138223407
2.488598147378415
2.350454792180015
2.2099684525278938
2.067279168260671
1.9225291751600528
1.775862763167141
1.627426132551058
1.4773672481733502
1.3258356919933916
1.1729825139618422
1.0189600814507596
0.863921927370497
0.7080225971247557
0.5514174945563753
0.3942627270373808
0.2367149498577888
0.0789312100681841
0.07893121006818508
0.2367149498577898
0.39426272703738396
0.5514174945563741
0.7080225971247567
0.8639219273705002
1.0189600814507607
1.172982513961843
1.3258356919933925
1.4773672481733513
1.6274261325510593
1.775862763167142
1.9225291751600537
2.0672791682606717
2.2099684525278964
2.350454792180016
2.488598147378416
2.6242608138223433
2.757307560015539
2.887605762067944
3.0150255358980713
3.1394398667042904
3.2607247355759346
3.3787592431180435
3.493425729966532
3.604609894073581
3.712200904646416
3.8160915126258437
3.916178157594452
4.012361071007888
4.104544375646315
4.192636181186887
4.276548675802058
4.356198213692298
4.431505398466044
4.502395162283758
4.568796840687184
4.630644243039205
4.6878757185041255
4.740434217502548
4.788267348579647
4.831327430630109
4.869571540427689
4.902961555412021
4.931464191690013
4.955051037213961
4.973698580103284
4.9873882320816945
4.9961063470063785
4.999844234470782
4.99859816846739
4.992369391101894
4.981164111355033
4.964993498893348
4.943873672935013
4.91782568618185
4.886875503833536
4.8510539777049315
4.8103968154723145
4.764944545079196
4.714742474337184
4.6598406457621735
4.600293786690871
4.536161254727408
4.467506978574369
4.394399394307301
4.316911377156116
4.235120168861495
4.1491073006786285
4.058958512105105
3.9647636654138907
3.8666166560766975
3.764615319166886
3.6588613318353835
3.5494601119566624
3.436520713045921
3.320155715552155
3.2004811146355365
3.0776162045408952
2.9516834596826436
2.8228084125595903
2.6911195286214413
2.5567480782116303
2.4198280057141965
2.280495796035077
2.1388903385510476
1.9951527886617029
1.8494264270827347
1.7018565170205633
1.5525901593708455
1.4017761460850675
1.249564811851544
1.0961078842384573
0.9415583324485881
0.7860702148362508
0.6297985253385874
0.4728990389742225
0.3155281565633686
0.15784274882405122
1.2246467991473533e-15
